1e+07
1.00694e+07
1.01393e+07
1.02096e+07
1.02804e+07
1.03518e+07
1.04236e+07
1.04959e+07
1.05688e+07
1.06421e+07
1.07159e+07
1.07903e+07
1.08652e+07
1.09405e+07
1.10165e+07
1.10929e+07
1.11699e+07
1.12474e+07
1.13254e+07
1.1404e+07
1.14831e+07
1.15628e+07
1.1643e+07
1.17238e+07
1.18052e+07
1.18871e+07
1.19696e+07
1.20526e+07
1.21362e+07
1.22204e+07
1.23052e+07
1.23906e+07
1.24766e+07
1.25632e+07
1.26503e+07
1.27381e+07
1.28265e+07
1.29155e+07
1.30051e+07
1.30954e+07
1.31862e+07
1.32777e+07
1.33698e+07
1.34626e+07
1.3556e+07
1.36501e+07
1.37448e+07
1.38402e+07
1.39362e+07
1.40329e+07
1.41303e+07
1.42283e+07
1.4327e+07
1.44264e+07
1.45265e+07
1.46273e+07
1.47288e+07
1.4831e+07
1.49339e+07
1.50376e+07
1.51419e+07
1.5247e+07
1.53528e+07
1.54593e+07
1.55665e+07
1.56746e+07
1.57833e+07
1.58928e+07
1.60031e+07
1.61141e+07
1.6226e+07
1.63385e+07
1.64519e+07
1.65661e+07
1.6681e+07
1.67967e+07
1.69133e+07
1.70307e+07
1.71488e+07
1.72678e+07
1.73876e+07
1.75083e+07
1.76298e+07
1.77521e+07
1.78753e+07
1.79993e+07
1.81242e+07
1.82499e+07
1.83766e+07
1.85041e+07
1.86325e+07
1.87617e+07
1.88919e+07
1.9023e+07
1.9155e+07
1.92879e+07
1.94217e+07
1.95565e+07
1.96922e+07
1.98288e+07
1.99664e+07
2.0105e+07
2.02445e+07
2.03849e+07
2.05264e+07
2.06688e+07
2.08122e+07
2.09566e+07
2.1102e+07
2.12485e+07
2.13959e+07
2.15443e+07
2.16938e+07
2.18444e+07
2.19959e+07
2.21486e+07
2.23022e+07
2.2457e+07
2.26128e+07
2.27697e+07
2.29277e+07
2.30868e+07
2.3247e+07
2.34083e+07
2.35707e+07
2.37342e+07
2.38989e+07
2.40648e+07
2.42317e+07
2.43999e+07
2.45692e+07
2.47396e+07
2.49113e+07
2.50842e+07
2.52582e+07
2.54335e+07
2.56099e+07
2.57876e+07
2.59666e+07
2.61467e+07
2.63282e+07
2.65108e+07
2.66948e+07
2.688e+07
2.70665e+07
2.72543e+07
2.74434e+07
2.76339e+07
2.78256e+07
2.80187e+07
2.82131e+07
2.84088e+07
2.8606e+07
2.88044e+07
2.90043e+07
2.92056e+07
2.94082e+07
2.96123e+07
2.98177e+07
3.00246e+07
3.02329e+07
3.04427e+07
3.0654e+07
3.08666e+07
3.10808e+07
3.12965e+07
3.15136e+07
3.17323e+07
3.19525e+07
3.21742e+07
3.23974e+07
3.26222e+07
3.28486e+07
3.30765e+07
3.3306e+07
3.35371e+07
3.37698e+07
3.40041e+07
3.42401e+07
3.44776e+07
3.47169e+07
3.49578e+07
3.52003e+07
3.54446e+07
3.56905e+07
3.59381e+07
3.61875e+07
3.64386e+07
3.66914e+07
3.6946e+07
3.72024e+07
3.74605e+07
3.77204e+07
3.79822e+07
3.82457e+07
3.85111e+07
3.87783e+07
3.90474e+07
3.93183e+07
3.95911e+07
3.98658e+07
4.01424e+07
4.0421e+07
4.07014e+07
4.09838e+07
4.12682e+07
4.15546e+07
4.18429e+07
4.21332e+07
4.24256e+07
4.27199e+07
4.30164e+07
4.33148e+07
4.36154e+07
4.3918e+07
4.42227e+07
4.45296e+07
4.48386e+07
4.51497e+07
4.5463e+07
4.57784e+07
4.6096e+07
4.64159e+07
4.6738e+07
4.70622e+07
4.73888e+07
4.77176e+07
4.80487e+07
4.83821e+07
4.87178e+07
4.90558e+07
4.93962e+07
4.9739e+07
5.00841e+07
5.04316e+07
5.07815e+07
5.11339e+07
5.14887e+07
5.18459e+07
5.22057e+07
5.25679e+07
5.29327e+07
5.32999e+07
5.36698e+07
5.40422e+07
5.44171e+07
5.47947e+07
5.51749e+07
5.55578e+07
5.59433e+07
5.63314e+07
5.67223e+07
5.71159e+07
5.75122e+07
5.79112e+07
5.83131e+07
5.87177e+07
5.91251e+07
5.95353e+07
5.99484e+07
6.03644e+07
6.07832e+07
6.1205e+07
6.16297e+07
6.20573e+07
6.24879e+07
6.29215e+07
6.3358e+07
6.37977e+07
6.42403e+07
6.46861e+07
6.51349e+07
6.55869e+07
6.60419e+07
6.65002e+07
6.69616e+07
6.74262e+07
6.78941e+07
6.83652e+07
6.88395e+07
6.93172e+07
6.97981e+07
7.02824e+07
7.07701e+07
7.12612e+07
7.17556e+07
7.22535e+07
7.27548e+07
7.32597e+07
7.3768e+07
7.42798e+07
7.47952e+07
7.53142e+07
7.58368e+07
7.6363e+07
7.68928e+07
7.74264e+07
7.79636e+07
7.85046e+07
7.90493e+07
7.95978e+07
8.01501e+07
8.07062e+07
8.12662e+07
8.18301e+07
8.23979e+07
8.29696e+07
8.35453e+07
8.4125e+07
8.47087e+07
8.52964e+07
8.58883e+07
8.64842e+07
8.70843e+07
8.76886e+07
8.8297e+07
8.89097e+07
8.95266e+07
9.01478e+07
9.07733e+07
9.14031e+07
9.20373e+07
9.26759e+07
9.3319e+07
9.39665e+07
9.46185e+07
9.5275e+07
9.59361e+07
9.66017e+07
9.7272e+07
9.7947e+07
9.86266e+07
9.93109e+07
1e+08
1.00694e+08
1.01393e+08
1.02096e+08
1.02804e+08
1.03518e+08
1.04236e+08
1.04959e+08
1.05688e+08
1.06421e+08
1.07159e+08
1.07903e+08
1.08652e+08
1.09405e+08
1.10165e+08
1.10929e+08
1.11699e+08
1.12474e+08
1.13254e+08
1.1404e+08
1.14831e+08
1.15628e+08
1.1643e+08
1.17238e+08
1.18052e+08
1.18871e+08
1.19696e+08
1.20526e+08
1.21362e+08
1.22204e+08
1.23052e+08
1.23906e+08
1.24766e+08
1.25632e+08
1.26503e+08
1.27381e+08
1.28265e+08
1.29155e+08
1.30051e+08
1.30954e+08
1.31862e+08
1.32777e+08
1.33698e+08
1.34626e+08
1.3556e+08
1.36501e+08
1.37448e+08
1.38402e+08
1.39362e+08
1.40329e+08
1.41303e+08
1.42283e+08
1.4327e+08
1.44264e+08
1.45265e+08
1.46273e+08
1.47288e+08
1.4831e+08
1.49339e+08
1.50376e+08
1.51419e+08
1.5247e+08
1.53528e+08
1.54593e+08
1.55665e+08
1.56746e+08
1.57833e+08
1.58928e+08
1.60031e+08
1.61141e+08
1.6226e+08
1.63385e+08
1.64519e+08
1.65661e+08
1.6681e+08
1.67967e+08
1.69133e+08
1.70307e+08
1.71488e+08
1.72678e+08
1.73876e+08
1.75083e+08
1.76298e+08
1.77521e+08
1.78753e+08
1.79993e+08
1.81242e+08
1.82499e+08
1.83766e+08
1.85041e+08
1.86325e+08
1.87617e+08
1.88919e+08
1.9023e+08
1.9155e+08
1.92879e+08
1.94217e+08
1.95565e+08
1.96922e+08
1.98288e+08
1.99664e+08
2.0105e+08
2.02445e+08
2.03849e+08
2.05264e+08
2.06688e+08
2.08122e+08
2.09566e+08
2.1102e+08
2.12485e+08
2.13959e+08
2.15443e+08
2.16938e+08
2.18444e+08
2.19959e+08
2.21486e+08
2.23022e+08
2.2457e+08
2.26128e+08
2.27697e+08
2.29277e+08
2.30868e+08
2.3247e+08
2.34083e+08
2.35707e+08
2.37342e+08
2.38989e+08
2.40648e+08
2.42317e+08
2.43999e+08
2.45692e+08
2.47396e+08
2.49113e+08
2.50842e+08
2.52582e+08
2.54335e+08
2.56099e+08
2.57876e+08
2.59666e+08
2.61467e+08
2.63282e+08
2.65108e+08
2.66948e+08
2.688e+08
2.70665e+08
2.72543e+08
2.74434e+08
2.76339e+08
2.78256e+08
2.80187e+08
2.82131e+08
2.84088e+08
2.8606e+08
2.88044e+08
2.90043e+08
2.92056e+08
2.94082e+08
2.96123e+08
2.98177e+08
3.00246e+08
3.02329e+08
3.04427e+08
3.0654e+08
3.08666e+08
3.10808e+08
3.12965e+08
3.15136e+08
3.17323e+08
3.19525e+08
3.21742e+08
3.23974e+08
3.26222e+08
3.28486e+08
3.30765e+08
3.3306e+08
3.35371e+08
3.37698e+08
3.40041e+08
3.42401e+08
3.44776e+08
3.47169e+08
3.49578e+08
3.52003e+08
3.54446e+08
3.56905e+08
3.59381e+08
3.61875e+08
3.64386e+08
3.66914e+08
3.6946e+08
3.72024e+08
3.74605e+08
3.77204e+08
3.79822e+08
3.82457e+08
3.85111e+08
3.87783e+08
3.90474e+08
3.93183e+08
3.95911e+08
3.98658e+08
4.01424e+08
4.0421e+08
4.07014e+08
4.09838e+08
4.12682e+08
4.15546e+08
4.18429e+08
4.21332e+08
4.24256e+08
4.27199e+08
4.30164e+08
4.33148e+08
4.36154e+08
4.3918e+08
4.42227e+08
4.45296e+08
4.48386e+08
4.51497e+08
4.5463e+08
4.57784e+08
4.6096e+08
4.64159e+08
4.6738e+08
4.70622e+08
4.73888e+08
4.77176e+08
4.80487e+08
4.83821e+08
4.87178e+08
4.90558e+08
4.93962e+08
4.9739e+08
5.00841e+08
5.04316e+08
5.07815e+08
5.11339e+08
5.14887e+08
5.18459e+08
5.22057e+08
5.25679e+08
5.29327e+08
5.32999e+08
5.36698e+08
5.40422e+08
5.44171e+08
5.47947e+08
5.51749e+08
5.55578e+08
5.59433e+08
5.63314e+08
5.67223e+08
5.71159e+08
5.75122e+08
5.79112e+08
5.83131e+08
5.87177e+08
5.91251e+08
5.95353e+08
5.99484e+08
6.03644e+08
6.07832e+08
6.1205e+08
6.16297e+08
6.20573e+08
6.24879e+08
6.29215e+08
6.3358e+08
6.37977e+08
6.42403e+08
6.46861e+08
6.51349e+08
6.55869e+08
6.60419e+08
6.65002e+08
6.69616e+08
6.74262e+08
6.78941e+08
6.83652e+08
6.88395e+08
6.93172e+08
6.97981e+08
7.02824e+08
7.07701e+08
7.12612e+08
7.17556e+08
7.22535e+08
7.27548e+08
7.32597e+08
7.3768e+08
7.42798e+08
7.47952e+08
7.53142e+08
7.58368e+08
7.6363e+08
7.68928e+08
7.74264e+08
7.79636e+08
7.85046e+08
7.90493e+08
7.95978e+08
8.01501e+08
8.07062e+08
8.12662e+08
8.18301e+08
8.23979e+08
8.29696e+08
8.35453e+08
8.4125e+08
8.47087e+08
8.52964e+08
8.58883e+08
8.64842e+08
8.70843e+08
8.76886e+08
8.8297e+08
8.89097e+08
8.95266e+08
9.01478e+08
9.07733e+08
9.14031e+08
9.20373e+08
9.26759e+08
9.3319e+08
9.39665e+08
9.46185e+08
9.5275e+08
9.59361e+08
9.66017e+08
9.7272e+08
9.7947e+08
9.86266e+08
9.93109e+08
1e+09
1.00694e+09
1.01393e+09
1.02096e+09
1.02804e+09
1.03518e+09
1.04236e+09
1.04959e+09
1.05688e+09
1.06421e+09
1.07159e+09
1.07903e+09
1.08652e+09
1.09405e+09
1.10165e+09
1.10929e+09
1.11699e+09
1.12474e+09
1.13254e+09
1.1404e+09
1.14831e+09
1.15628e+09
1.1643e+09
1.17238e+09
1.18052e+09
1.18871e+09
1.19696e+09
1.20526e+09
1.21362e+09
1.22204e+09
1.23052e+09
1.23906e+09
1.24766e+09
1.25632e+09
1.26503e+09
1.27381e+09
1.28265e+09
1.29155e+09
1.30051e+09
1.30954e+09
1.31862e+09
1.32777e+09
1.33698e+09
1.34626e+09
1.3556e+09
1.36501e+09
1.37448e+09
1.38402e+09
1.39362e+09
1.40329e+09
1.41303e+09
1.42283e+09
1.4327e+09
1.44264e+09
1.45265e+09
1.46273e+09
1.47288e+09
1.4831e+09
1.49339e+09
1.50376e+09
1.51419e+09
1.5247e+09
1.53528e+09
1.54593e+09
1.55665e+09
1.56746e+09
1.57833e+09
1.58928e+09
1.60031e+09
1.61141e+09
1.6226e+09
1.63385e+09
1.64519e+09
1.65661e+09
1.6681e+09
1.67967e+09
1.69133e+09
1.70307e+09
1.71488e+09
1.72678e+09
1.73876e+09
1.75083e+09
1.76298e+09
1.77521e+09
1.78753e+09
1.79993e+09
1.81242e+09
1.82499e+09
1.83766e+09
1.85041e+09
1.86325e+09
1.87617e+09
1.88919e+09
1.9023e+09
1.9155e+09
1.92879e+09
1.94217e+09
1.95565e+09
1.96922e+09
1.98288e+09
1.99664e+09
2.0105e+09
2.02445e+09
2.03849e+09
2.05264e+09
2.06688e+09
2.08122e+09
2.09566e+09
2.1102e+09
2.12485e+09
2.13959e+09
2.15443e+09
2.16938e+09
2.18444e+09
2.19959e+09
2.21486e+09
2.23022e+09
2.2457e+09
2.26128e+09
2.27697e+09
2.29277e+09
2.30868e+09
2.3247e+09
2.34083e+09
2.35707e+09
2.37342e+09
2.38989e+09
2.40648e+09
2.42317e+09
2.43999e+09
2.45692e+09
2.47396e+09
2.49113e+09
2.50842e+09
2.52582e+09
2.54335e+09
2.56099e+09
2.57876e+09
2.59666e+09
2.61467e+09
2.63282e+09
2.65108e+09
2.66948e+09
2.688e+09
2.70665e+09
2.72543e+09
2.74434e+09
2.76339e+09
2.78256e+09
2.80187e+09
2.82131e+09
2.84088e+09
2.8606e+09
2.88044e+09
2.90043e+09
2.92056e+09
2.94082e+09
2.96123e+09
2.98177e+09
3.00246e+09
3.02329e+09
3.04427e+09
3.0654e+09
3.08666e+09
3.10808e+09
3.12965e+09
3.15136e+09
3.17323e+09
3.19525e+09
3.21742e+09
3.23974e+09
3.26222e+09
3.28486e+09
3.30765e+09
3.3306e+09
3.35371e+09
3.37698e+09
3.40041e+09
3.42401e+09
3.44776e+09
3.47169e+09
3.49578e+09
3.52003e+09
3.54446e+09
3.56905e+09
3.59381e+09
3.61875e+09
3.64386e+09
3.66914e+09
3.6946e+09
3.72024e+09
3.74605e+09
3.77204e+09
3.79822e+09
3.82457e+09
3.85111e+09
3.87783e+09
3.90474e+09
3.93183e+09
3.95911e+09
3.98658e+09
4.01424e+09
4.0421e+09
4.07014e+09
4.09838e+09
4.12682e+09
4.15546e+09
4.18429e+09
4.21332e+09
4.24256e+09
4.27199e+09
4.30164e+09
4.33148e+09
4.36154e+09
4.3918e+09
4.42227e+09
4.45296e+09
4.48386e+09
4.51497e+09
4.5463e+09
4.57784e+09
4.6096e+09
4.64159e+09
4.6738e+09
4.70622e+09
4.73888e+09
4.77176e+09
4.80487e+09
4.83821e+09
4.87178e+09
4.90558e+09
4.93962e+09
4.9739e+09
5.00841e+09
5.04316e+09
5.07815e+09
5.11339e+09
5.14887e+09
5.18459e+09
5.22057e+09
5.25679e+09
5.29327e+09
5.32999e+09
5.36698e+09
5.40422e+09
5.44171e+09
5.47947e+09
5.51749e+09
5.55578e+09
5.59433e+09
5.63314e+09
5.67223e+09
5.71159e+09
5.75122e+09
5.79112e+09
5.83131e+09
5.87177e+09
5.91251e+09
5.95353e+09
5.99484e+09
6.03644e+09
6.07832e+09
6.1205e+09
6.16297e+09
6.20573e+09
6.24879e+09
6.29215e+09
6.3358e+09
6.37977e+09
6.42403e+09
6.46861e+09
6.51349e+09
6.55869e+09
6.60419e+09
6.65002e+09
6.69616e+09
6.74262e+09
6.78941e+09
6.83652e+09
6.88395e+09
6.93172e+09
6.97981e+09
7.02824e+09
7.07701e+09
7.12612e+09
7.17556e+09
7.22535e+09
7.27548e+09
7.32597e+09
7.3768e+09
7.42798e+09
7.47952e+09
7.53142e+09
7.58368e+09
7.6363e+09
7.68928e+09
7.74264e+09
7.79636e+09
7.85046e+09
7.90493e+09
7.95978e+09
8.01501e+09
8.07062e+09
8.12662e+09
8.18301e+09
8.23979e+09
8.29696e+09
8.35453e+09
8.4125e+09
8.47087e+09
8.52964e+09
8.58883e+09
8.64842e+09
8.70843e+09
8.76886e+09
8.8297e+09
8.89097e+09
8.95266e+09
9.01478e+09
9.07733e+09
9.14031e+09
9.20373e+09
9.26759e+09
9.3319e+09
9.39665e+09
9.46185e+09
9.5275e+09
9.59361e+09
9.66017e+09
9.7272e+09
9.7947e+09
9.86266e+09
9.93109e+09
1e+10
