0.869708
0.840558
0.867755
0.899416
0.87892
0.82143
0.790222
0.811152
0.840994
0.826449
0.772238
0.732188
0.740096
0.769539
0.769042
0.724838
0.675024
0.662375
0.684951
0.700863
0.677551
0.627332
0.591325
0.593332
0.615473
0.619553
0.58809
0.541063
0.51333
0.518719
0.537634
0.538349
0.508494
0.465669
0.438927
0.440943
0.45739
0.46174
0.439926
0.402039
0.371895
0.365482
0.377778
0.388402
0.379684
0.351097
0.318543
0.300432
0.302836
0.315542
0.32109
0.308699
0.282008
0.255383
0.242527
0.246482
0.258133
0.263552
0.254179
0.232458
0.20942
0.196573
0.198101
0.208541
0.217014
0.214669
0.20026
0.180459
0.165159
0.161107
0.167949
0.178868
0.185072
0.181132
0.167971
0.151968
0.140982
0.139818
0.147699
0.158994
0.166552
0.165641
0.156349
0.143297
0.133007
0.130454
0.136613
0.148149
0.159261
0.164628
0.16195
0.152921
0.14226
0.135397
0.135956
0.144181
0.156959
0.169312
0.176628
0.176619
0.170212
0.161038
0.153852
0.152557
0.158674
0.170816
0.185323
0.197739
0.204523
0.204341
0.198486
0.190323
0.184022
0.183056
0.189019
0.20113
0.216571
0.231489
0.242292
0.246805
0.24492
0.238569
0.231056
0.226008
0.226262
0.23305
0.245683
0.261807
0.278128
0.291366
0.299164
0.300702
0.296871
0.289981
0.28311
0.279284
0.280707
0.288232
0.301194
0.317619
0.334744
0.349695
0.360165
0.364928
0.364082
0.358979
0.351891
0.345475
0.342194
0.343795
0.350974
0.363261
0.37916
0.396483
0.412806
0.42595
0.434393
0.437532
0.435769
0.430394
0.423325
0.416736
0.412666
0.412667
0.417554
0.427294
0.441043
0.457311
0.474233
0.489879
0.502564
0.5111
0.514961
0.514338
0.510083
0.50356
0.496422
0.490369
0.4869
0.487114
0.491573
0.500246
0.512535
0.527378
0.543407
0.559128
0.573126
0.584231
0.591656
0.595076
0.594651
0.590986
0.585042
0.578015
0.571184
0.565771
0.562806
0.56302
0.566782
0.574073
0.584504
0.597369
0.611734
0.626537
0.640699
0.653229
0.663319
0.670408
0.674231
0.674823
0.672512
0.667872
0.661661
0.654753
0.648051
0.642413
0.638581
0.637124
0.6384
0.642534
0.64942
0.658738
0.669989
0.682537
0.695668
0.708643
0.720753
0.73137
0.739989
0.746254
0.749982
0.751166
0.749965
0.746691
0.741777
0.735749
0.729184
0.722675
0.71679
0.712041
0.708856
0.707553
0.708331
0.711262
0.71629
0.723244
0.731848
0.741745
0.752518
0.763713
0.774868
0.785537
0.795308
0.803828
0.810815
0.816068
0.819475
0.821014
0.820751
0.818829
0.815465
0.810929
0.805535
0.799625
0.793549
0.787654
0.782267
0.777681
0.774149
0.77187
0.770989
0.771588
0.773691
0.777259
0.782204
0.788383
0.795617
0.80369
0.812364
0.821387
0.8305
0.839452
0.848001
0.855928
0.863041
0.869177
0.874211
0.878057
0.880665
0.882026
0.882168
0.881154
0.879078
0.876062
0.872248
0.867799
0.862888
0.857694
0.852399
0.84718
0.842207
0.837636
0.83361
0.83025
0.827658
0.825913
0.82507
0.825162
0.826196
0.828157
0.831011
0.834703
0.839159
0.844294
0.850007
0.85619
0.862727
0.869499
0.876385
0.883266
0.890027
0.896557
0.902755
0.908528
0.913795
0.918487
0.922547
0.92593
0.928607
0.930561
0.931787
0.932295
0.932104
0.931247
0.929763
0.927703
0.925125
0.922091
0.91867
0.914934
0.910957
0.906816
0.902584
0.898335
0.894142
0.890072
0.88619
0.882554
0.879218
0.876231
0.873633
0.871459
0.869738
0.86849
0.867729
0.867464
0.867696
0.868418
0.869622
0.871289
0.8734
0.875928
0.878843
0.882112
0.8857
0.889567
0.893673
0.897977
0.902436
0.907008
0.91165
0.916321
0.920979
0.925585
0.930102
0.934494
0.938728
0.942773
0.946601
0.950187
0.953508
0.956545
0.959283
0.961708
0.96381
0.965582
0.96702
0.968122
0.968891
0.969329
0.969444
0.969244
0.96874
0.967943
0.96687
0.965535
0.963956
0.962151
0.960139
0.957941
0.955576
0.953067
0.950434
0.947698
0.944882
0.942005
0.939089
0.936155
0.93322
0.930306
0.927429
0.924607
0.921857
0.919193
0.916631
0.914184
0.911863
0.90968
0.907645
0.905767
0.904053
0.90251
0.901143
0.899956
0.898953
0.898136
0.897506
0.897063
0.896807
0.896735
0.896846
0.897137
0.897603
0.898239
0.899042
0.900004
0.90112
0.902383
0.903786
0.905321
0.90698
0.908756
0.91064
0.912624
0.914699
0.916856
0.919088
0.921385
0.923738
0.92614
0.928581
0.931053
0.933549
0.93606
0.938579
0.941097
0.943608
0.946104
0.94858
0.951028
0.953442
0.955816
0.958145
0.960424
0.962647
0.96481
0.966909
0.96894
0.9709
0.972784
0.97459
0.976316
0.977959
0.979516
0.980987
0.98237
0.983663
0.984866
0.985978
0.986998
0.987927
0.988764
0.98951
0.990165
0.99073
0.991206
0.991594
0.991895
0.99211
0.992241
0.99229
0.992259
0.992148
0.991961
0.991699
0.991365
0.990961
0.990488
0.989951
0.98935
0.988689
0.987969
0.987194
0.986366
0.985488
0.984562
0.983591
0.982577
0.981523
0.980432
0.979305
0.978146
0.976957
0.975741
0.9745
0.973235
0.971951
0.970648
0.969329
0.967997
0.966654
0.9653
0.96394
0.962574
0.961204
0.959833
0.958462
0.957093
0.955728
0.954367
0.953014
0.951668
0.950333
0.949008
0.947696
0.946397
0.945113
0.943845
0.942595
0.941362
0.940148
0.938954
0.93778
0.936628
0.935499
0.934392
0.933309
0.93225
0.931216
0.930206
0.929223
0.928265
0.927334
0.92643
0.925552
0.924702
0.923879
0.923083
0.922315
0.921575
0.920863
0.920179
0.919522
0.918894
0.918293
0.917719
0.917173
0.916655
0.916164
0.9157
0.915262
0.914852
0.914468
0.91411
0.913778
0.913471
0.91319
0.912933
0.912702
0.912494
0.912311
0.912151
0.912015
0.911901
0.91181
0.91174
0.911693
0.911667
0.911661
0.911676
0.911711
0.911766
0.91184
0.911933
0.912044
0.912173
0.912319
0.912483
0.912663
0.912859
0.913072
0.913299
0.913542
0.913799
0.91407
0.914355
0.914654
0.914965
0.915289
0.915624
0.915972
0.916331
0.916701
0.917081
0.917472
0.917872
0.918282
0.918701
0.919129
0.919565
0.920009
0.920461
0.92092
0.921387
0.92186
0.922339
0.922825
0.923316
0.923813
0.924315
0.924823
0.925334
0.92585
0.926371
0.926895
0.927422
0.927953
0.928487
0.929024
0.929564
0.930106
0.93065
0.931196
0.931743
0.932293
0.932843
0.933395
0.933948
0.934501
0.935055
0.935609
0.936164
0.936719
0.937273
0.937828
0.938382
0.938935
0.939487
0.940039
0.94059
0.94114
0.941688
0.942236
0.942781
0.943326
0.943868
0.944409
0.944947
0.945484
0.946019
0.946552
0.947082
0.94761
0.948136
0.948659
0.949179
0.949697
0.950212
0.950725
0.951234
0.951741
0.952245
0.952746
0.953243
0.953738
0.95423
0.954718
0.955203
0.955685
0.956164
0.956639
0.957111
0.957579
0.958044
0.958506
0.958964
0.959419
0.95987
0.960318
0.960762
0.961203
0.96164
0.962073
0.962503
0.962929
0.963352
0.963771
0.964187
0.964598
0.965007
0.965411
0.965812
0.96621
0.966604
0.966994
0.96738
0.967763
0.968143
0.968519
0.968891
0.96926
0.969625
0.969986
0.970344
0.970699
0.97105
0.971397
0.971742
0.972082
0.972419
0.972753
0.973083
0.97341
0.973734
0.974054
0.974371
0.974685
0.974995
0.975302
0.975605
0.975906
0.976203
0.976497
0.976788
0.977076
0.97736
0.977642
0.97792
0.978195
0.978467
0.978737
0.979003
0.979266
0.979526
0.979784
0.980038
0.98029
0.980538
0.980784
0.981027
0.981268
0.981505
0.98174
0.981972
0.982201
0.982428
0.982652
0.982874
0.983092
0.983309
0.983522
0.983734
0.983942
0.984148
0.984352
0.984554
0.984753
0.984949
0.985143
0.985335
0.985525
0.985712
0.985897
0.98608
0.98626
0.986439
0.986615
0.986789
0.986961
0.98713
0.987298
0.987464
0.987627
0.987789
0.987949
0.988106
0.988262
0.988416
0.988567
0.988717
0.988865
0.989012
0.989156
0.989299
0.989439
0.989578
0.989716
0.989851
0.989985
0.990117
0.990248
0.990377
0.990504
0.990629
0.990753
0.990876
0.990997
0.991116
0.991234
0.99135
0.991465
0.991578
0.99169
0.9918
0.991909
0.992017
0.992123
0.992228
0.992332
0.992434
0.992535
0.992634
0.992733
0.99283
0.992925
0.99302
0.993113
0.993205
0.993296
0.993386
0.993474
0.993562
0.993648
0.993733
0.993817
0.9939
0.993982
0.994062
0.994142
0.994221
0.994298
0.994375
0.994451
0.994525
0.994599
0.994671
0.994743
0.994814
0.994884
0.994953
0.995021
0.995088
0.995154
0.995219
0.995284
0.995347
0.99541
0.995472
0.995533
0.995593
0.995653
0.995712
0.995769
0.995827
0.995883
0.995939
0.995994
0.996048
0.996101
0.996154
0.996206
0.996257
0.996308
0.996358
0.996407
0.996456
0.996504
0.996551
0.996598
0.996644
0.99669
0.996735
0.996779
0.996823
0.996866
0.996908
0.99695
0.996992
0.997033
0.997073
0.997113
0.997152
0.997191
0.997229
0.997266
0.997304
0.99734
0.997376
0.997412
0.997447
0.997482
0.997516
0.99755
0.997583
0.997616
0.997649
0.997681
0.997712
0.997743
0.997774
0.997804
0.997834
0.997864
0.997893
0.997922
0.99795
0.997978
0.998005
0.998033
0.998059
0.998086
0.998112
0.998138
0.998163
0.998188
0.998213
0.998237
0.998261
0.998285
0.998308
0.998332
0.998354
0.998377
0.998399
0.998421
0.998442
0.998464
0.998485
0.998505
0.998526
0.998546
0.998566
0.998585
0.998605
0.998624
0.998643
0.998661
0.998679
0.998697
0.998715
0.998733
0.99875
0.998767
0.998784
0.998801
0.998817
0.998833
0.998849
0.998865
0.99888
0.998896
0.998911
0.998926
0.99894
0.998955
0.998969
0.998983
0.998997
0.999011
0.999024
0.999038
0.999051
0.999064
0.999077
0.999089
0.999102
0.999114
0.999126
0.999138
0.99915
0.999162
0.999173
0.999185
0.999196
0.999207
0.999218
0.999228
0.999239
0.999249
0.99926
