0.0252945
0.078632
0.100736
0.0637184
0.018961
0.0316496
0.0940485
0.13251
0.101211
0.0423832
0.0352326
0.0971047
0.160282
0.153332
0.0877785
0.0456852
0.0834998
0.165744
0.205058
0.161355
0.0871757
0.0696505
0.134999
0.220139
0.240262
0.178387
0.102707
0.0959184
0.171147
0.259429
0.278788
0.21444
0.13217
0.114596
0.183299
0.279798
0.320458
0.272515
0.182314
0.132914
0.171135
0.268191
0.345777
0.342674
0.264828
0.178821
0.156796
0.219089
0.319712
0.383745
0.365298
0.281205
0.196647
0.175886
0.235782
0.335253
0.406093
0.401313
0.326702
0.235126
0.189556
0.221157
0.310105
0.400146
0.435602
0.396215
0.308352
0.227186
0.202407
0.24892
0.339454
0.421977
0.450367
0.410154
0.325296
0.243486
0.209374
0.240846
0.320705
0.407081
0.455954
0.443541
0.377312
0.290973
0.226926
0.215538
0.26128
0.341782
0.419337
0.458751
0.443036
0.380115
0.298232
0.232841
0.211181
0.241219
0.309237
0.386452
0.441331
0.452275
0.415637
0.346281
0.271024
0.217946
0.205879
0.237936
0.301143
0.371858
0.424629
0.441143
0.416162
0.358656
0.288102
0.227544
0.195918
0.20218
0.242968
0.304271
0.366285
0.409728
0.421598
0.398703
0.348096
0.284518
0.225817
0.187784
0.179891
0.203029
0.249717
0.30652
0.357877
0.390242
0.395425
0.372381
0.32709
0.270725
0.216682
0.177268
0.160865
0.170195
0.201999
0.248086
0.297424
0.338716
0.362856
0.364769
0.344254
0.305774
0.257282
0.208427
0.168533
0.144782
0.140929
0.156775
0.188414
0.229165
0.270954
0.305856
0.327505
0.332138
0.319102
0.290802
0.252121
0.209468
0.169637
0.13868
0.120971
0.118614
0.131232
0.156166
0.189008
0.224353
0.256663
0.281077
0.294073
0.293898
0.280713
0.256463
0.224513
0.189115
0.154795
0.125748
0.105307
0.0955762
0.0972295
0.10951
0.130401
0.156945
0.185641
0.212894
0.235429
0.250655
0.256909
0.253596
0.24119
0.221122
0.195575
0.167211
0.138866
0.113252
0.0926897
0.0788991
0.0728649
0.0747833
0.0840879
0.0995465
0.119414
0.141622
0.163982
0.184393
0.201015
0.21242
0.217684
0.216444
0.20889
0.19572
0.178054
0.157322
0.135131
0.113128
0.0928764
0.0757392
0.0627883
0.0547435
0.0519397
0.0543251
0.0614876
0.0727034
0.0870057
0.103264
0.120268
0.136815
0.151785
0.164209
0.173322
0.178599
0.179775
0.17684
0.170035
0.159813
0.146808
0.131784
0.115583
0.0990798
0.0831228
0.0684959
0.0558774
0.0458102
0.0386818
0.0347128
0.0339554
0.0363007
0.0414933
0.0491519
0.0587957
0.0698725
0.0817889
0.09394
0.105738
0.116638
0.126157
0.133898
0.139553
0.14292
0.1439
0.142494
0.138803
0.133013
0.125386
0.11624
0.105942
0.0948826
0.0834649
0.0720874
0.0611294
0.0509388
0.0418212
0.0340316
0.0277686
0.0231707
0.0203152
0.0192191
0.0198421
0.022091
0.025826
0.0308677
0.0370048
0.044003
0.0516127
0.0595779
0.0676437
0.0755643
0.0831088
0.0900674
0.0962556
0.101519
0.105733
0.108808
0.110687
0.111348
0.110799
0.109077
0.10625
0.102406
0.0976545
0.0921231
0.0859505
0.0792846
0.0722776
0.0650831
0.0578518
0.0507289
0.0438508
0.0373429
0.0313176
0.0258724
0.021089
0.0170324
0.0137505
0.0112744
0.00961823
0.00878046
0.00874435
0.00947937
0.0109425
0.0130796
0.0158274
0.0191147
0.0228643
0.0269948
0.0314221
0.0360608
0.040826
0.0456348
0.0504069
0.0550664
0.0595424
0.0637701
0.0676911
0.071254
0.0744153
0.0771387
0.0793961
0.0811668
0.0824379
0.0832039
0.0834663
0.0832331
0.0825184
0.081342
0.0797288
0.0777078
0.075312
0.0725776
0.0695431
0.0662491
0.0627375
0.0590507
0.0552316
0.0513226
0.0473652
0.0433999
0.0394655
0.0355988
0.0318343
0.0282042
0.0247378
0.0214617
0.0183993
0.0155712
0.0129949
0.0106845
0.00865143
0.00690387
0.00544717
0.00428388
0.00341386
0.00283446
0.00254065
0.00252523
0.00277901
0.00329096
0.00404846
0.00503747
0.00624271
0.00764789
0.00923588
0.0109889
0.0128886
0.0149166
0.017054
0.0192821
0.0215825
0.0239368
0.0263272
0.0287362
0.0311472
0.0335441
0.0359115
0.038235
0.0405011
0.0426971
0.0448112
0.0468329
0.0487525
0.0505612
0.0522514
0.0538165
0.0552508
0.0565497
0.0577094
0.0587272
0.0596011
0.06033
0.0609138
0.061353
0.0616488
0.0618031
0.0618186
0.0616984
0.0614463
0.0610663
0.0605631
0.0599419
0.0592079
0.0583668
0.0574245
0.0563874
0.0552615
0.0540535
0.0527699
0.0514174
0.0500025
0.0485319
0.0470122
0.0454501
0.0438519
0.042224
0.0405727
0.038904
0.0372237
0.0355377
0.0338514
0.0321701
0.030499
0.0288428
0.0272062
0.0255935
0.0240089
0.0224562
0.0209391
0.0194608
0.0180246
0.0166332
0.0152894
0.0139953
0.0127533
0.0115651
0.0104325
0.00935685
0.00833937
0.00738108
0.00648278
0.00564509
0.00486841
0.004153
0.00349891
0.00290605
0.00237417
0.00190288
0.00149163
0.00113976
0.00084648
0.000610899
0.000432006
0.000308701
0.000239792
0.000224007
0.00026
0.000346357
0.000481605
0.000664218
0.000892624
0.00116521
0.00148033
0.00183631
0.00223145
0.00266404
0.00313235
0.00363464
0.00416918
0.00473423
0.00532805
0.00594893
0.00659516
0.00726503
0.00795687
0.00866904
0.00939989
0.0101478
0.0109113
0.0116887
0.0124786
0.0132794
0.0140898
0.0149083
0.0157335
0.0165642
0.0173991
0.0182368
0.0190762
0.0199162
0.0207555
0.0215932
0.0224281
0.0232593
0.0240859
0.0249068
0.0257212
0.0265284
0.0273275
0.0281177
0.0288983
0.0296687
0.0304282
0.0311763
0.0319123
0.0326358
0.0333462
0.034043
0.034726
0.0353947
0.0360486
0.0366876
0.0373112
0.0379193
0.0385116
0.0390878
0.0396479
0.0401916
0.0407188
0.0412293
0.0417232
0.0422003
0.0426606
0.0431041
0.0435307
0.0439405
0.0443335
0.0447097
0.0450693
0.0454122
0.0457386
0.0460487
0.0463424
0.0466199
0.0468815
0.0471272
0.0473572
0.0475717
0.0477708
0.0479548
0.0481238
0.0482781
0.0484179
0.0485433
0.0486547
0.0487522
0.0488361
0.0489066
0.048964
0.0490085
0.0490403
0.0490597
0.049067
0.0490624
0.0490461
0.0490185
0.0489798
0.0489301
0.0488699
0.0487993
0.0487187
0.0486282
0.0485281
0.0484187
0.0483002
0.0481729
0.048037
0.0478928
0.0477406
0.0475804
0.0474128
0.0472377
0.0470555
0.0468665
0.0466708
0.0464687
0.0462604
0.0460461
0.0458261
0.0456005
0.0453696
0.0451336
0.0448926
0.044647
0.0443968
0.0441423
0.0438838
0.0436212
0.043355
0.0430851
0.0428119
0.0425354
0.042256
0.0419736
0.0416885
0.0414009
0.0411108
0.0408186
0.0405242
0.0402279
0.0399298
0.03963
0.0393287
0.039026
0.038722
0.0384169
0.0381107
0.0378037
0.0374959
0.0371874
0.0368783
0.0365688
0.0362589
0.0359488
0.0356386
0.0353283
0.035018
0.0347078
0.0343979
0.0340883
0.033779
0.0334702
0.0331619
0.0328543
0.0325473
0.0322411
0.0319357
0.0316311
0.0313275
0.0310249
0.0307234
0.0304229
0.0301237
0.0298256
0.0295289
0.0292334
0.0289393
0.0286466
0.0283553
0.0280655
0.0277772
0.0274905
0.0272054
0.0269219
0.0266401
0.0263599
0.0260815
0.0258048
0.0255299
0.0252567
0.0249854
0.0247159
0.0244482
0.0241824
0.0239186
0.0236566
0.0233965
0.0231384
0.0228822
0.022628
0.0223757
0.0221255
0.0218772
0.0216309
0.0213866
0.0211443
0.0209041
0.0206658
0.0204296
0.0201954
0.0199633
0.0197332
0.0195051
0.019279
0.019055
0.0188329
0.018613
0.018395
0.0181791
0.0179652
0.0177533
0.0175434
0.0173355
0.0171296
0.0169257
0.0167238
0.0165239
0.016326
0.01613
0.0159359
0.0157439
0.0155537
0.0153655
0.0151792
0.0149949
0.0148124
0.0146318
0.0144531
0.0142763
0.0141014
0.0139283
0.013757
0.0135875
0.0134199
0.0132541
0.0130901
0.0129278
0.0127673
0.0126086
0.0124516
0.0122964
0.0121428
0.011991
0.0118408
0.0116924
0.0115456
0.0114004
0.0112569
0.0111151
0.0109748
0.0108361
0.010699
0.0105635
0.0104296
0.0102971
0.0101663
0.0100369
0.00990905
0.00978269
0.0096578
0.00953438
0.0094124
0.00929187
0.00917275
0.00905505
0.00893874
0.00882381
0.00871026
0.00859806
0.0084872
0.00837768
0.00826947
0.00816256
0.00805695
0.00795261
0.00784953
0.00774771
0.00764713
0.00754777
0.00744962
0.00735268
0.00725692
0.00716234
0.00706892
0.00697665
0.00688552
0.00679552
0.00670663
0.00661884
0.00653214
0.00644652
0.00636197
0.00627847
0.00619601
0.00611459
0.00603418
0.00595478
0.00587638
0.00579897
0.00572253
0.00564705
0.00557253
0.00549895
0.0054263
0.00535457
0.00528375
0.00521383
0.0051448
0.00507665
0.00500936
0.00494294
0.00487736
0.00481262
0.00474871
0.00468562
0.00462334
0.00456186
0.00450116
0.00444125
0.00438211
0.00432373
0.00426611
0.00420923
0.00415308
0.00409766
0.00404296
0.00398897
0.00393567
0.00388307
0.00383115
0.00377991
0.00372933
0.00367941
0.00363015
0.00358152
0.00353353
0.00348616
0.00343942
0.00339329
0.00334776
0.00330282
0.00325848
0.00321471
0.00317152
0.0031289
0.00308684
0.00304533
0.00300437
0.00296395
0.00292405
0.00288469
0.00284584
0.00280751
0.00276968
0.00273235
0.00269552
0.00265917
0.00262331
0.00258791
0.00255299
0.00251853
0.00248453
0.00245098
0.00241787
0.0023852
0.00235297
0.00232117
0.00228979
0.00225882
0.00222827
0.00219812
0.00216838
0.00213903
0.00211008
0.00208151
0.00205332
0.00202551
0.00199807
0.00197099
0.00194428
0.00191793
0.00189192
0.00186627
0.00184096
0.00181599
0.00179135
0.00176704
0.00174306
0.0017194
0.00169606
0.00167303
0.00165031
0.00162789
0.00160578
0.00158396
0.00156244
0.0015412
0.00152025
0.00149958
0.0014792
0.00145908
0.00143924
0.00141966
0.00140035
0.00138129
0.0013625
0.00134396
0.00132566
0.00130762
0.00128981
0.00127225
0.00125493
0.00123784
0.00122098
0.00120434
0.00118794
0.00117175
0.00115578
0.00114003
0.00112449
0.00110916
0.00109404
0.00107913
0.00106441
0.0010499
0.00103558
0.00102145
0.00100752
0.000993775
0.000980216
0.000966842
0.000953648
0.000940634
0.000927796
0.000915132
0.00090264
0.000890317
0.000878162
0.000866171
0.000854344
0.000842677
0.000831168
0.000819816
0.000808617
0.000797571
0.000786675
0.000775928
0.000765326
0.000754868
0.000744552
0.000734377
0.00072434
0.00071444
0.000704674
0.000695041
0.00068554
0.000676167
0.000666922
0.000657803
0.000648808
0.000639936
0.000631184
0.000622551
0.000614037
0.000605638
0.000597353
0.000589181
0.000581121
0.000573171
0.000565329
0.000557593
0.000549964
0.000542438
0.000535015
0.000527693
0.000520471
0.000513347
0.000506321
0.00049939
0.000492554
0.000485811
0.000479161
0.000472601
0.00046613
0.000459748
0.000453453
0.000447244
0.00044112
0.000435079
0.000429121
0.000423244
0.000417447
0.00041173
0.00040609
0.000400528
0.000395042
0.00038963
0.000384293
0.000379028
0.000373836
0.000368714
0.000363663
0.00035868
0.000353765
0.000348918
0.000344137
0.000339421
0.00033477
