0.104998
0.0808098
0.0315088
0.0368655
0.102119
0.146921
0.11573
0.0563378
0.0577956
0.131168
0.192529
0.170707
0.0996223
0.0771296
0.14318
0.229477
0.241477
0.171881
0.10999
0.137782
0.235274
0.303017
0.273676
0.186529
0.144264
0.20206
0.309203
0.363019
0.315524
0.221852
0.183578
0.247211
0.359336
0.419735
0.377773
0.27926
0.222152
0.265745
0.37776
0.465047
0.456969
0.366327
0.276445
0.268924
0.355488
0.470082
0.52466
0.48048
0.377452
0.300714
0.313612
0.410096
0.521344
0.568732
0.521691
0.418265
0.335774
0.335136
0.419119
0.532416
0.601025
0.58227
0.491794
0.391313
0.347384
0.389116
0.491388
0.592355
0.632435
0.589973
0.492598
0.399155
0.364561
0.408714
0.506732
0.604546
0.649643
0.619336
0.531596
0.433925
0.377494
0.390819
0.466339
0.56573
0.640067
0.654008
0.602107
0.510069
0.421402
0.376621
0.395013
0.466963
0.559507
0.631762
0.652864
0.6146
0.533803
0.444236
0.382042
0.371105
0.414151
0.492681
0.575124
0.629497
0.635447
0.591248
0.513534
0.430404
0.370848
0.354516
0.385352
0.451021
0.527877
0.5894
0.615062
0.596689
0.540461
0.46424
0.391423
0.343467
0.333482
0.362728
0.420848
0.489475
0.547921
0.579166
0.574427
0.535164
0.472155
0.402114
0.342959
0.309057
0.307704
0.337638
0.3898
0.449991
0.502611
0.5345
0.537941
0.512185
0.463257
0.402219
0.342411
0.296356
0.273062
0.276252
0.303855
0.348751
0.400525
0.447778
0.480493
0.491958
0.479911
0.446741
0.39878
0.344885
0.294654
0.256612
0.236726
0.237467
0.257573
0.292462
0.335214
0.377866
0.412809
0.434026
0.437986
0.424075
0.394536
0.353955
0.308428
0.264546
0.228375
0.204585
0.195844
0.202542
0.222865
0.253168
0.288587
0.323771
0.353632
0.374007
0.382158
0.377045
0.359364
0.331362
0.296472
0.258824
0.222703
0.192031
0.16992
0.158359
0.158049
0.168389
0.187626
0.213106
0.241618
0.269769
0.294352
0.312675
0.322807
0.323732
0.315401
0.29868
0.275214
0.247224
0.217267
0.18797
0.161787
0.140784
0.126472
0.119708
0.120654
0.128803
0.143059
0.161868
0.183365
0.205554
0.22647
0.244338
0.257704
0.265523
0.267223
0.262719
0.252392
0.237031
0.217759
0.195926
0.173006
0.150483
0.12975
0.112019
0.0982502
0.0891008
0.0849012
0.0856518
0.0910414
0.100485
0.113176
0.128146
0.144336
0.160663
0.176085
0.189658
0.200587
0.20826
0.212274
0.212444
0.2088
0.201574
0.191176
0.178162
0.163198
0.14702
0.130389
0.11406
0.0987364
0.0850459
0.0735113
0.0645332
0.058378
0.0551735
0.0549113
0.0574544
0.062551
0.0698518
0.0789303
0.0893058
0.100466
0.111889
0.123069
0.133529
0.142845
0.150653
0.156667
0.160678
0.162562
0.162278
0.159867
0.155442
0.149185
0.141329
0.132157
0.121981
0.111133
0.0999556
0.0887839
0.0779403
0.0677225
0.0583961
0.050188
0.0432814
0.0378128
0.0338709
0.031496
0.030682
0.0313791
0.0334978
0.0369134
0.0414715
0.0469942
0.0532861
0.0601402
0.0673446
0.0746877
0.081964
0.0889792
0.0955536
0.101527
0.10676
0.111137
0.114568
0.11699
0.118363
0.118676
0.117938
0.116184
0.113469
0.109864
0.105459
0.100355
0.0946629
0.0885011
0.0819927
0.0752623
0.0684333
0.0616261
0.0549554
0.0485288
0.0424445
0.0367908
0.0316444
0.0270696
0.0231185
0.01983
0.0172303
0.0153329
0.0141392
0.0136391
0.013812
0.0146273
0.0160457
0.0180203
0.020498
0.0234201
0.026724
0.0303441
0.0342132
0.0382634
0.0424272
0.0466384
0.050833
0.0549502
0.0589327
0.0627276
0.0662867
0.069567
0.0725309
0.0751467
0.0773882
0.079235
0.0806725
0.0816917
0.0822891
0.0824661
0.0822292
0.0815893
0.0805615
0.0791646
0.0774207
0.0753549
0.0729947
0.0703697
0.0675108
0.0644505
0.0612217
0.0578579
0.0543924
0.0508584
0.0472882
0.0437132
0.0401637
0.0366684
0.0332545
0.0299474
0.0267702
0.0237444
0.0208889
0.0182206
0.0157542
0.0135019
0.0114739
0.00967797
0.00811975
0.0068028
0.00572862
0.0048968
0.00430506
0.00394942
0.00382431
0.00392267
0.00423611
0.00475503
0.00546879
0.00636577
0.00743358
0.00865917
0.0100289
0.0115289
0.0131447
0.0148619
0.0166659
0.0185424
0.0204768
0.0224551
0.0244633
0.0264882
0.0285165
0.0305359
0.0325343
0.0345005
0.0364237
0.038294
0.0401019
0.0418389
0.0434971
0.0450695
0.0465496
0.0479319
0.0492113
0.0503838
0.051446
0.052395
0.0532288
0.053946
0.0545458
0.055028
0.055393
0.0556416
0.0557754
0.0557962
0.0557063
0.0555085
0.055206
0.0548021
0.0543007
0.0537058
0.0530217
0.0522529
0.0514041
0.05048
0.0494857
0.0484262
0.0473066
0.0461321
0.0449078
0.0436388
0.0423305
0.0409877
0.0396156
0.0382191
0.0368031
0.0353723
0.0339314
0.0324848
0.0310368
0.0295918
0.0281536
0.0267262
0.0253132
0.0239181
0.0225443
0.0211949
0.0198728
0.0185809
0.0173216
0.0160973
0.0149103
0.0137625
0.0126557
0.0115917
0.0105719
0.00959747
0.00866966
0.0077894
0.00695748
0.00617455
0.00544111
0.0047575
0.00412395
0.00354053
0.0030072
0.00252381
0.00209007
0.00170561
0.00136993
0.00108247
0.00084254
0.000649403
0.000502226
0.000400105
0.000342076
0.00032711
0.000354124
0.000421986
0.000529519
0.000675506
0.000858697
0.00107781
0.00133153
0.00161854
0.00193748
0.00228701
0.00266574
0.00307229
0.0035053
0.00396339
0.00444517
0.00494927
0.00547434
0.00601903
0.006582
0.00716194
0.00775753
0.0083675
0.00899058
0.00962554
0.0102712
0.0109263
0.0115897
0.0122603
0.012937
0.0136187
0.0143043
0.0149929
0.0156835
0.016375
0.0170667
0.0177576
0.0184468
0.0191335
0.0198171
0.0204966
0.0211713
0.0218407
0.0225039
0.0231604
0.0238097
0.024451
0.0250839
0.025708
0.0263226
0.0269273
0.0275218
0.0281056
0.0286784
0.0292399
0.0297896
0.0303274
0.030853
0.031366
0.0318664
0.0323539
0.0328284
0.0332896
0.0337375
0.0341719
0.0345928
0.0350001
0.0353936
0.0357735
0.0361396
0.036492
0.0368306
0.0371554
0.0374666
0.0377641
0.0380481
0.0383185
0.0385754
0.0388191
0.0390495
0.0392667
0.0394709
0.0396623
0.0398409
0.0400069
0.0401605
0.0403017
0.0404309
0.040548
0.0406534
0.0407472
0.0408295
0.0409007
0.0409607
0.04101
0.0410485
0.0410766
0.0410945
0.0411023
0.0411003
0.0410886
0.0410675
0.0410371
0.0409978
0.0409496
0.0408929
0.0408277
0.0407544
0.0406731
0.040584
0.0404874
0.0403834
0.0402723
0.0401542
0.0400294
0.039898
0.0397603
0.0396164
0.0394666
0.039311
0.0391498
0.0389833
0.0388115
0.0386347
0.038453
0.0382667
0.038076
0.0378809
0.0376816
0.0374784
0.0372713
0.0370606
0.0368464
0.0366289
0.0364082
0.0361845
0.0359578
0.0357285
0.0354965
0.0352621
0.0350253
0.0347864
0.0345454
0.0343024
0.0340577
0.0338112
0.0335633
0.0333138
0.033063
0.032811
0.0325579
0.0323038
0.0320487
0.0317929
0.0315363
0.0312791
0.0310214
0.0307633
0.0305048
0.0302461
0.0299871
0.0297281
0.0294691
0.0292101
0.0289512
0.0286926
0.0284342
0.0281761
0.0279185
0.0276613
0.0274046
0.0271485
0.0268931
0.0266383
0.0263843
0.0261311
0.0258787
0.0256273
0.0253767
0.0251271
0.0248786
0.0246311
0.0243847
0.0241395
0.0238954
0.0236526
0.023411
0.0231706
0.0229316
0.0226939
0.0224575
0.0222225
0.0219889
0.0217568
0.0215261
0.0212969
0.0210692
0.020843
0.0206183
0.0203952
0.0201736
0.0199536
0.0197352
0.0195184
0.0193032
0.0190896
0.0188776
0.0186673
0.0184587
0.0182517
0.0180463
0.0178427
0.0176407
0.0174404
0.0172418
0.0170448
0.0168496
0.016656
0.0164641
0.016274
0.0160855
0.0158987
0.0157136
0.0155302
0.0153484
0.0151684
0.01499
0.0148133
0.0146383
0.014465
0.0142933
0.0141233
0.0139549
0.0137882
0.0136231
0.0134597
0.0132979
0.0131377
0.0129791
0.0128222
0.0126668
0.0125131
0.0123609
0.0122103
0.0120613
0.0119138
0.0117679
0.0116235
0.0114807
0.0113393
0.0111995
0.0110612
0.0109244
0.0107891
0.0106552
0.0105228
0.0103919
0.0102624
0.0101343
0.0100076
0.00988241
0.00975856
0.00963611
0.00951503
0.00939531
0.00927695
0.00915994
0.00904426
0.0089299
0.00881684
0.00870509
0.00859463
0.00848544
0.00837752
0.00827085
0.00816542
0.00806122
0.00795825
0.00785648
0.00775591
0.00765653
0.00755833
0.00746128
0.00736539
0.00727065
0.00717703
0.00708453
0.00699314
0.00690285
0.00681365
0.00672552
0.00663845
0.00655244
0.00646748
0.00638355
0.00630063
0.00621873
0.00613784
0.00605793
0.005979
0.00590104
0.00582404
0.005748
0.00567289
0.0055987
0.00552544
0.00545309
0.00538163
0.00531107
0.00524138
0.00517257
0.00510461
0.00503751
0.00497124
0.00490581
0.0048412
0.0047774
0.00471441
0.00465221
0.0045908
0.00453016
0.0044703
0.00441119
0.00435283
0.00429521
0.00423833
0.00418217
0.00412673
0.00407199
0.00401795
0.00396461
0.00391195
0.00385996
0.00380864
0.00375798
0.00370797
0.00365861
0.00360988
0.00356178
0.0035143
0.00346743
0.00342117
0.00337551
0.00333044
0.00328595
0.00324204
0.0031987
0.00315593
0.00311371
0.00307204
0.00303091
0.00299032
0.00295026
0.00291072
0.00287169
0.00283318
0.00279517
0.00275766
0.00272064
0.00268411
0.00264805
0.00261247
0.00257736
0.00254271
0.00250851
0.00247476
0.00244146
0.0024086
0.00237617
0.00234416
0.00231258
0.00228142
0.00225067
0.00222032
0.00219038
0.00216083
0.00213168
0.00210291
0.00207452
0.00204651
0.00201887
0.0019916
0.00196469
0.00193813
0.00191193
0.00188608
0.00186058
0.00183541
0.00181057
0.00178607
0.0017619
0.00173804
0.00171451
0.00169129
0.00166838
0.00164577
0.00162347
0.00160147
0.00157976
0.00155834
0.00153721
0.00151636
0.00149579
0.00147549
0.00145547
0.00143571
0.00141622
0.00139699
0.00137802
0.00135931
0.00134084
0.00132263
0.00130466
0.00128693
0.00126944
0.00125218
0.00123516
0.00121836
0.00120179
0.00118545
0.00116932
0.00115341
0.00113772
0.00112224
0.00110696
0.00109189
0.00107703
0.00106237
0.0010479
0.00103363
0.00101955
0.00100566
0.000991962
0.000978447
0.000965115
0.000951963
0.000938988
0.000926189
0.000913564
0.000901109
0.000888822
0.000876702
0.000864746
0.000852952
0.000841318
0.000829841
0.00081852
0.000807352
0.000796335
0.000785468
0.000774748
0.000764174
0.000753743
0.000743454
0.000733304
0.000723292
0.000713415
0.000703673
0.000694064
0.000684584
0.000675234
0.00066601
0.000656912
0.000647937
0.000639084
0.000630352
0.000621738
0.000613242
0.000604861
0.000596594
0.000588439
0.000580396
0.000572461
0.000564635
0.000556915
0.000549301
0.00054179
0.000534381
0.000527073
0.000519865
0.000512755
0.000505741
0.000498823
0.000492
0.000485269
0.00047863
0.000472082
0.000465623
0.000459252
0.000452967
0.000446769
0.000440655
0.000434624
0.000428675
0.000422808
0.000417021
0.000411313
0.000405682
